FormFactor file for OLIGOMER created from: EM_10mer.pdb EM_8mer.pdb
Contrasts:  0.42485E+00  0.42485E+00
 0.0000000E+00  0.3496920E+10  0.2229883E+10
 0.1500000E-02  0.3489493E+10  0.2225269E+10
 0.3000000E-02  0.3467464E+10  0.2211591E+10
 0.4500000E-02  0.3431018E+10  0.2188965E+10
 0.6000000E-02  0.3380560E+10  0.2157660E+10
 0.7500000E-02  0.3316662E+10  0.2117964E+10
 0.9000000E-02  0.3239981E+10  0.2070411E+10
 0.1050000E-01  0.3151372E+10  0.2015439E+10
 0.1200000E-01  0.3051793E+10  0.1953689E+10
 0.1350000E-01  0.2942287E+10  0.1885802E+10
 0.1500000E-01  0.2823993E+10  0.1812493E+10
 0.1650000E-01  0.2698127E+10  0.1734532E+10
 0.1800000E-01  0.2565959E+10  0.1652705E+10
 0.1950000E-01  0.2428778E+10  0.1567816E+10
 0.2100000E-01  0.2287905E+10  0.1480689E+10
 0.2250000E-01  0.2144646E+10  0.1392129E+10
 0.2400000E-01  0.2000284E+10  0.1302942E+10
 0.2550000E-01  0.1856077E+10  0.1213900E+10
 0.2700000E-01  0.1713208E+10  0.1125734E+10
 0.2850000E-01  0.1572801E+10  0.1039138E+10
 0.3000000E-01  0.1435897E+10  0.9547463E+09
 0.3150000E-01  0.1303438E+10  0.8731367E+09
 0.3300000E-01  0.1176266E+10  0.7948184E+09
 0.3450000E-01  0.1055110E+10  0.7202309E+09
 0.3600000E-01  0.9405852E+09  0.6497400E+09
 0.3750000E-01  0.8331847E+09  0.5836372E+09
 0.3900000E-01  0.7332842E+09  0.5221386E+09
 0.4050000E-01  0.6411406E+09  0.4653865E+09
 0.4200000E-01  0.5568954E+09  0.4134516E+09
 0.4350000E-01  0.4805803E+09  0.3663368E+09
 0.4500000E-01  0.4121238E+09  0.3239806E+09
 0.4650000E-01  0.3513584E+09  0.2862644E+09
 0.4800000E-01  0.2980296E+09  0.2530170E+09
 0.4950000E-01  0.2518078E+09  0.2240210E+09
 0.5100000E-01  0.2122981E+09  0.1990212E+09
 0.5250000E-01  0.1790517E+09  0.1777315E+09
 0.5400000E-01  0.1515767E+09  0.1598409E+09
 0.5550000E-01  0.1293511E+09  0.1450223E+09
 0.5700000E-01  0.1118332E+09  0.1329398E+09
 0.5850000E-01  0.9847218E+08  0.1232538E+09
 0.6000000E-01  0.8871855E+08  0.1156287E+09
 0.6150000E-01  0.8203374E+08  0.1097381E+09
 0.6300000E-01  0.7789799E+08  0.1052700E+09
 0.6450000E-01  0.7581815E+08  0.1019307E+09
 0.6600000E-01  0.7533358E+08  0.9944935E+08
 0.6750000E-01  0.7602124E+08  0.9757993E+08
 0.6900000E-01  0.7749963E+08  0.9610368E+08
 0.7050000E-01  0.7943136E+08  0.9483058E+08
 0.7200000E-01  0.8152476E+08  0.9359956E+08
 0.7350000E-01  0.8353437E+08  0.9227881E+08
 0.7500000E-01  0.8526004E+08  0.9076487E+08
 0.7650000E-01  0.8654595E+08  0.8898120E+08
 0.7800000E-01  0.8727776E+08  0.8687675E+08
 0.7950000E-01  0.8738035E+08  0.8442373E+08
 0.8100000E-01  0.8681348E+08  0.8161478E+08
 0.8250000E-01  0.8556850E+08  0.7846091E+08
 0.8400000E-01  0.8366398E+08  0.7498811E+08
 0.8550000E-01  0.8114099E+08  0.7123476E+08
 0.8700000E-01  0.7805936E+08  0.6724862E+08
 0.8850000E-01  0.7449263E+08  0.6308420E+08
 0.9000000E-01  0.7052430E+08  0.5879993E+08
 0.9150000E-01  0.6624380E+08  0.5445582E+08
 0.9300000E-01  0.6174254E+08  0.5011133E+08
 0.9450000E-01  0.5711146E+08  0.4582342E+08
 0.9600000E-01  0.5243757E+08  0.4164483E+08
 0.9750000E-01  0.4780183E+08  0.3762295E+08
 0.9900000E-01  0.4327737E+08  0.3379879E+08
 0.1005000E+00  0.3892797E+08  0.3020609E+08
 0.1020000E+00  0.3480736E+08  0.2687130E+08
 0.1035000E+00  0.3095830E+08  0.2381325E+08
 0.1050000E+00  0.2741285E+08  0.2104332E+08
 0.1065000E+00  0.2419246E+08  0.1856586E+08
 0.1080000E+00  0.2130839E+08  0.1637859E+08
 0.1095000E+00  0.1876272E+08  0.1447348E+08
 0.1110000E+00  0.1654916E+08  0.1283735E+08
 0.1125000E+00  0.1465432E+08  0.1145295E+08
 0.1140000E+00  0.1305886E+08  0.1029971E+08
 0.1155000E+00  0.1173881E+08  0.9354649E+07
 0.1170000E+00  0.1066678E+08  0.8593328E+07
 0.1185000E+00  0.9813291E+07  0.7990753E+07
 0.1200000E+00  0.9147876E+07  0.7521982E+07
 0.1215000E+00  0.8640091E+07  0.7162809E+07
 0.1230000E+00  0.8260454E+07  0.6890498E+07
 0.1245000E+00  0.7981232E+07  0.6684117E+07
 0.1260000E+00  0.7777050E+07  0.6524969E+07
 0.1275000E+00  0.7625340E+07  0.6396776E+07
 0.1290000E+00  0.7506679E+07  0.6285881E+07
 0.1305000E+00  0.7404906E+07  0.6181160E+07
 0.1320000E+00  0.7307103E+07  0.6074104E+07
 0.1335000E+00  0.7203638E+07  0.5958609E+07
 0.1350000E+00  0.7087806E+07  0.5830903E+07
 0.1365000E+00  0.6955645E+07  0.5688967E+07
 0.1380000E+00  0.6805574E+07  0.5532670E+07
 0.1395000E+00  0.6637948E+07  0.5363237E+07
 0.1410000E+00  0.6454735E+07  0.5182894E+07
 0.1425000E+00  0.6259060E+07  0.4994617E+07
 0.1440000E+00  0.6054784E+07  0.4801902E+07
 0.1455000E+00  0.5846163E+07  0.4608439E+07
 0.1470000E+00  0.5637494E+07  0.4417756E+07
 0.1485000E+00  0.5432817E+07  0.4233213E+07
 0.1500000E+00  0.5235692E+07  0.4057733E+07
 0.1515000E+00  0.5049038E+07  0.3893570E+07
 0.1530000E+00  0.4875007E+07  0.3742480E+07
 0.1545000E+00  0.4714874E+07  0.3605508E+07
 0.1560000E+00  0.4569065E+07  0.3483009E+07
 0.1575000E+00  0.4437217E+07  0.3374735E+07
 0.1590000E+00  0.4318201E+07  0.3279805E+07
 0.1605000E+00  0.4210346E+07  0.3196891E+07
 0.1620000E+00  0.4111369E+07  0.3124218E+07
 0.1635000E+00  0.4018741E+07  0.3059765E+07
 0.1650000E+00  0.3929681E+07  0.3001322E+07
 0.1665000E+00  0.3841448E+07  0.2946634E+07
 0.1680000E+00  0.3751386E+07  0.2893476E+07
 0.1695000E+00  0.3657093E+07  0.2839746E+07
 0.1710000E+00  0.3556574E+07  0.2783656E+07
 0.1725000E+00  0.3448298E+07  0.2723618E+07
 0.1740000E+00  0.3331235E+07  0.2658504E+07
 0.1755000E+00  0.3204946E+07  0.2587448E+07
 0.1770000E+00  0.3069536E+07  0.2510088E+07
 0.1785000E+00  0.2925730E+07  0.2426420E+07
 0.1800000E+00  0.2774771E+07  0.2336829E+07
 0.1815000E+00  0.2618317E+07  0.2242037E+07
 0.1830000E+00  0.2458457E+07  0.2143027E+07
 0.1845000E+00  0.2297554E+07  0.2041119E+07
 0.1860000E+00  0.2138192E+07  0.1937750E+07
 0.1875000E+00  0.1982985E+07  0.1834466E+07
 0.1890000E+00  0.1834591E+07  0.1732884E+07
 0.1905000E+00  0.1695502E+07  0.1634616E+07
 0.1920000E+00  0.1568078E+07  0.1541211E+07
 0.1935000E+00  0.1454301E+07  0.1454100E+07
 0.1950000E+00  0.1355859E+07  0.1374527E+07
 0.1965000E+00  0.1274007E+07  0.1303532E+07
 0.1980000E+00  0.1209588E+07  0.1241905E+07
 0.1995000E+00  0.1162966E+07  0.1190224E+07
 0.2010000E+00  0.1134070E+07  0.1148817E+07
 0.2025000E+00  0.1122364E+07  0.1117760E+07
 0.2040000E+00  0.1126898E+07  0.1096856E+07
 0.2055000E+00  0.1146366E+07  0.1085715E+07
 0.2070000E+00  0.1179176E+07  0.1083741E+07
 0.2085000E+00  0.1223446E+07  0.1090149E+07
 0.2100000E+00  0.1277138E+07  0.1104047E+07
 0.2115000E+00  0.1338059E+07  0.1124436E+07
 0.2130000E+00  0.1404028E+07  0.1150255E+07
 0.2145000E+00  0.1472847E+07  0.1180405E+07
 0.2160000E+00  0.1542413E+07  0.1213807E+07
 0.2175000E+00  0.1610751E+07  0.1249371E+07
 0.2190000E+00  0.1676096E+07  0.1286080E+07
 0.2205000E+00  0.1736874E+07  0.1323004E+07
 0.2220000E+00  0.1791812E+07  0.1359310E+07
 0.2235000E+00  0.1839877E+07  0.1394255E+07
 0.2250000E+00  0.1880307E+07  0.1427195E+07
 0.2265000E+00  0.1912634E+07  0.1457615E+07
 0.2280000E+00  0.1936674E+07  0.1485106E+07
 0.2295000E+00  0.1952452E+07  0.1509361E+07
 0.2310000E+00  0.1960259E+07  0.1530173E+07
 0.2325000E+00  0.1960556E+07  0.1547422E+07
 0.2340000E+00  0.1953970E+07  0.1561068E+07
 0.2355000E+00  0.1941267E+07  0.1571105E+07
 0.2370000E+00  0.1923256E+07  0.1577611E+07
 0.2385000E+00  0.1900834E+07  0.1580706E+07
 0.2400000E+00  0.1874917E+07  0.1580501E+07
 0.2415000E+00  0.1846389E+07  0.1577151E+07
 0.2430000E+00  0.1816088E+07  0.1570779E+07
 0.2445000E+00  0.1784789E+07  0.1561566E+07
 0.2460000E+00  0.1753192E+07  0.1549644E+07
 0.2475000E+00  0.1721880E+07  0.1535172E+07
 0.2490000E+00  0.1691339E+07  0.1518290E+07
 0.2505000E+00  0.1661938E+07  0.1499151E+07
 0.2520000E+00  0.1633934E+07  0.1477857E+07
 0.2535000E+00  0.1607491E+07  0.1454539E+07
 0.2550000E+00  0.1582654E+07  0.1429339E+07
 0.2565000E+00  0.1559416E+07  0.1402389E+07
 0.2580000E+00  0.1537659E+07  0.1373850E+07
 0.2595000E+00  0.1517226E+07  0.1343857E+07
 0.2610000E+00  0.1497916E+07  0.1312604E+07
 0.2625000E+00  0.1479510E+07  0.1280264E+07
 0.2640000E+00  0.1461764E+07  0.1247059E+07
 0.2655000E+00  0.1444444E+07  0.1213220E+07
 0.2670000E+00  0.1427311E+07  0.1178989E+07
 0.2685000E+00  0.1410162E+07  0.1144620E+07
 0.2700000E+00  0.1392817E+07  0.1110377E+07
 0.2715000E+00  0.1375143E+07  0.1076526E+07
 0.2730000E+00  0.1357024E+07  0.1043322E+07
 0.2745000E+00  0.1338400E+07  0.1011055E+07
 0.2760000E+00  0.1319244E+07  0.9799393E+06
 0.2775000E+00  0.1299551E+07  0.9502216E+06
 0.2790000E+00  0.1279359E+07  0.9221053E+06
 0.2805000E+00  0.1258736E+07  0.8957763E+06
 0.2820000E+00  0.1237757E+07  0.8713639E+06
 0.2835000E+00  0.1216520E+07  0.8489602E+06
 0.2850000E+00  0.1195141E+07  0.8286272E+06
 0.2865000E+00  0.1173734E+07  0.8103922E+06
 0.2880000E+00  0.1152382E+07  0.7942333E+06
 0.2895000E+00  0.1131207E+07  0.7800812E+06
 0.2910000E+00  0.1110294E+07  0.7678245E+06
 0.2925000E+00  0.1089721E+07  0.7573221E+06
 0.2940000E+00  0.1069544E+07  0.7484032E+06
 0.2955000E+00  0.1049826E+07  0.7408824E+06
 0.2970000E+00  0.1030603E+07  0.7345288E+06
 0.2985000E+00  0.1011895E+07  0.7291114E+06
 0.3000000E+00  0.9937189E+06  0.7243916E+06
